222.358 19.7769 -0.0469194 2.22559 203.769 17.6278 -0.0214578 0.305047 43.634 12.0841 0.0535901 0.177191 0.204736 0.418293 0.387 0.71512 2.25944 0.00673278 24.6588 0.244382 1
223.993 23.9725 -0.904108 4.30589 199.411 25.7494 -0.0522108 0.213119 57.0422 18.8062 0.265092 -0.0148913 0.28476 0.546255 0.353956 0.78261 2.3502 0.00499998 34.9202 0.197736 1
229.063 23.9373 -1.35469 5.79586 204.043 25.1457 0.0394879 0.143746 56.7829 15.6358 0.212932 -0.121938 0.197712 0.454276 0.386888 0.682528 2.34867 0.00503874 27.6701 0.241307 1
231.79 20.6261 -1.49043 7.95464 209.674 18.8689 -0.0920646 1.46082 47.9354 11.0969 0.151121 -0.042608 0.122681 0.478635 0.348582 0.551847 2.3233 0.00561452 27.1765 0.231632 1
220.938 23.031 -1.25692 6.00979 200.416 23.7021 -0.136046 0.762925 46.3051 14.6372 0.23153 0.0893953 0.142374 0.442133 0.24852 0.644915 2.30602 0.00555254 31.2399 0.225169 1
222.97 21.6903 -0.91096 4.86197 201.96 22.2137 -0.0477095 0.423476 47.1612 13.5546 0.182008 0.00644781 0.15419 0.402294 0.502729 0.625205 2.34605 0.0050066 36.8477 0.231264 1
225.517 20.7964 -0.561113 3.50706 204.5 20.0629 0.114873 0.106026 48.3604 13.6189 0.0279708 -0.0284457 0.216863 0.543869 0.355499 0.679643 2.35817 0.00485827 35.0165 0.199643 1
221.887 16.9375 -0.387607 2.93282 203.793 15.3526 0.0389375 0.0755551 40.2167 9.10217 0.0151409 -0.0183962 0.226265 0.486687 0.226064 0.886477 1.96977 0.0125448 46.6882 0.118725 1
209.736 19.611 0.772813 2.93919 197.329 16.5643 0.0713202 0.40958 29.974 14.0219 -0.117519 -0.0834568 0.127487 0.438213 0.412779 0.564713 2.27587 0.00634098 33.737 0.233014 1
219.085 17.2931 0.169957 2.17946 201.482 13.5686 0.0563787 0.134011 39.9124 12.1346 -0.158055 0.153831 0.14972 0.372521 0.494649 0.611333 2.34496 0.00497554 39.5906 0.188088 1
214.399 18.2833 0.161675 2.5673 197.375 14.5311 -0.0426767 0.270548 40.656 13.4588 -0.193069 0.116221 0.189406 0.478339 0.569983 0.627654 2.32496 0.00523277 38.6093 0.175968 1
233.306 17.5499 -0.607392 3.10148 217.2 20.0381 0.164226 -0.107879 42.2118 11.0667 0.109131 0.00682308 0.386769 0.473152 0.525635 0.880829 1.56947 0.0296 53.88 0.171844 1
207.494 21.0499 0.585211 3.10089 189.689 20.0842 0.0307504 0.213224 50.5618 9.16328 -0.0361551 0.0444886 0.345384 0.455982 0.496821 0.846152 2.35065 0.00493972 29.9042 0.216883 1
221.611 19.2671 -0.179913 2.21448 204.209 17.6846 0.0773167 0.0157276 41.7607 7.68743 -0.0136652 0.0365758 0.218584 0.385971 0.66163 0.696802 2.1209 0.00850097 37.7982 0.19687 1
217.327 21.8531 0.119952 2.10251 198.131 20.4607 0.105435 0.118425 49.3567 11.9433 -0.0247471 0.0582321 0.28073 0.550674 0.660776 0.677983 2.37393 0.00450081 40.2071 0.174105 1
213.229 21.0804 0.446246 2.26457 196.725 18.9814 0.0683547 0.224978 43.6432 10.7989 0.0144167 0.0625758 0.245912 0.471241 0.697426 0.670941 2.36786 0.00463703 29.3205 0.22425 1
206.422 27.015 0.140909 2.31026 185.057 26.9887 0.0694391 0.12914 60.2692 13.9105 -0.000686008 0.0352958 0.190502 0.51788 0.8707 0.58243 2.39452 0.00417569 36.83 0.19487 1
216.313 30.7628 -0.47869 2.72952 197.386 33.3978 0.107948 -0.142514 52.4609 21.0218 0.0789549 -0.0145095 0.225354 0.404374 0.386433 0.757355 2.34116 0.00520153 23.5823 0.239387 1
215.291 29.2801 -0.317659 2.24031 196.098 27.7968 0.142853 -0.00986395 51.4585 15.1078 0.0252103 0.0753514 0.140241 0.434284 0.548257 0.54536 2.3567 0.00480213 26.2808 0.236627 1
219.256 29.4924 -0.54297 2.80644 198.893 31.0207 0.101106 -0.0111198 56.7541 19.5169 0.0793051 0.0378552 0.190717 0.456385 0.40682 0.674543 2.37861 0.00453863 32.0939 0.222647 1
213.271 30.0332 -0.502979 2.93783 192.363 30.0559 0.0313456 0.13876 57.9924 16.722 0.0885706 0.0744915 0.152545 0.40094 0.480262 0.588813 2.37372 0.00454638 33.1803 0.211374 1
208.411 31.2969 -0.220765 2.18238 187.599 30.4546 0.0659948 0.0315157 58.6187 15.0724 -0.000825859 0.0191044 0.181187 0.438235 0.570703 0.617664 2.37964 0.00439055 32.411 0.204887 1
215.062 26.9945 -0.239667 2.45721 194.784 27.6261 0.0291235 0.175043 55.2369 16.8151 0.127693 0.221195 0.301011 0.549054 0.593939 0.704235 2.36657 0.00472538 29.2857 0.228294 1
216.134 28.2604 -0.424737 2.84686 196.159 28.5991 0.04881 0.144104 56.1807 14.8943 0.0521873 0.0895525 0.117135 0.403383 0.489665 0.525655 2.3624 0.00478416 27.6122 0.238017 1
212.784 27.3226 -0.208492 2.77152 191.96 26.9 0.0290161 0.287816 57.8596 14.3219 0.0456884 0.0973195 0.277871 0.617925 0.843003 0.639231 2.37036 0.00462906 28.6231 0.228979 1
209.196 31.195 -0.365736 2.62264 187.708 30.5958 0.0362628 0.0903563 60.7111 13.2712 0.011655 0.0338929 0.193529 0.443319 0.484293 0.652642 2.33577 0.00525462 23.1809 0.260277 1
211.239 32.4815 -0.480622 2.43084 187.134 32.171 0.0606013 0.0287532 65.7732 16.7057 0.0436272 0.0443049 0.101252 0.317651 0.348414 0.605095 2.36055 0.00472214 27.9108 0.218699 1
211.92 30.6268 -0.341561 2.43167 189.201 31.4246 0.0686945 0.053569 62.9587 18.9626 0.0515728 0.0925876 0.234288 0.569002 0.463054 0.672949 2.36063 0.00479921 28.0291 0.225448 1
212.166 32.4194 -0.486905 2.56842 188.577 33.4513 0.0856867 -0.0155191 63.5886 18.7889 0.0602512 0.0674485 0.195859 0.50383 0.537302 0.603749 2.33535 0.00509751 22.672 0.244997 1
221.559 19.8063 -0.127411 2.54654 204.152 17.9871 0.0942931 0.190036 42.5413 9.935 0.0161271 0.00835829 0.198816 0.477159 0.373582 0.660392 2.37041 0.00459995 40.4209 0.175928 1
215.057 29.7847 -0.628162 3.30151 195.606 31.2061 -0.0432877 0.298867 51.368 20.5865 0.197949 0.205333 0.214836 0.417768 0.419567 0.713619 2.35334 0.00487853 37.8154 0.181892 1
207.789 26.477 -0.113868 3.65047 188.889 26.3085 0.0152325 0.367267 52.8595 16.0873 0.0683739 0.239524 0.140947 0.402503 0.36912 0.612221 2.36845 0.0046718 31.983 0.210817 1
218.66 24.8925 -0.0727639 2.05339 198.645 24.6918 0.132051 0.114126 53.7351 14.1784 -0.0470565 0.107519 0.178852 0.449389 0.930023 0.5765 2.36596 0.00472713 33.8948 0.233996 1
202.875 22.7448 0.697157 2.64916 186.612 20.1269 0.0973161 0.249964 47.6062 11.6027 -0.0631009 0.0162969 0.216898 0.520089 0.507583 0.632208 2.35058 0.00499666 25.5419 0.248183 1
223.589 22.3901 -0.128389 2.00839 204.221 20.3771 0.177445 0.159166 49.0855 12.7975 -0.0104538 0.0834125 0.199 0.490228 0.587687 0.603636 2.36377 0.00484679 30.7211 0.227362 1
215.022 20.814 0.297377 2.38277 198.572 18.8804 0.0625965 0.236587 43.7707 10.8165 -0.0201092 0.05637 0.100004 0.457828 0.576498 0.500713 2.38419 0.00433729 36.5296 0.195261 1
225.047 20.7555 -0.220149 2.97389 209.176 21.197 0.140866 0.173234 40.5163 9.99022 0.0434498 0.0602627 0.195551 0.388273 0.556969 0.695759 2.32347 0.00596583 28.652 0.258681 1
223.951 20.315 -0.250915 3.19217 205.194 18.7333 0.067778 0.634551 45.9939 11.4951 0.0860865 0.136186 0.274211 0.553626 0.504339 0.715203 2.36089 0.00475452 27.2025 0.234464 1
213.77 22.7765 -0.515599 5.70108 197.509 21.3258 -0.131954 0.96392 41.7965 13.8693 0.169719 0.0124721 0.108767 0.396362 0.581804 0.501896 2.32484 0.0053384 33.3115 0.223361 1
222.892 24.0852 -0.860348 4.46198 201.049 27.2466 -0.075511 0.230256 52.0135 20.3742 0.383281 0.168137 0.396359 0.470706 0.500262 0.914073 2.13249 0.00836691 31.9339 0.218543 1
223.972 16.8971 0.263093 2.16734 203.814 14.6657 0.145757 0.198594 45.2242 9.97087 -0.0422394 0.0501618 0.450922 0.641924 0.596877 0.826213 2.28397 0.005841 45.7057 0.161697 1
219.015 13.6805 0.302394 3.2406 201.476 12.2967 0.0269992 -0.14566 39.7179 7.34081 -0.113894 0.0214785 0.520779 0.585784 0.708333 0.861377 2.17415 0.00766601 36.6256 0.165999 1
218.201 22.3319 -0.298263 2.41635 201.036 20.8989 -0.00117505 0.132051 43.1647 8.19105 0.000578173 0.00654885 0.228715 0.434967 0.392763 0.752938 2.05449 0.0100831 48.4632 0.134917 1
211.818 24.1806 -1.21003 6.0537 190.424 24.0166 -0.100408 0.275805 51.63 13.1043 0.104067 -0.0551134 0.217788 0.464737 0.340974 0.748291 2.23055 0.00674396 39.0596 0.155807 1
226.64 29.7157 -1.85919 7.27559 204.305 28.9238 0.0335492 0.145749 50.5308 14.5299 0.114832 -0.10065 0.251962 0.492795 0.425079 0.724712 2.09766 0.00915685 52.7119 0.161386 1
219.296 34.7539 -1.31617 4.61009 200.074 35.6515 0.0520921 -0.0430739 49.25 15.8351 0.115547 0.0173988 0.292149 0.491837 0.481081 0.760267 2.17933 0.00736328 44.5562 0.168157 1
225.177 24.2844 -0.967749 4.63522 203.691 25.1938 0.0677855 0.0920584 53.9651 16.6203 0.211576 -0.0785302 0.327298 0.564009 0.380242 0.811122 2.33548 0.00506908 41.6119 0.161269 1
228.129 20.8799 -0.438513 3.09768 206.411 21.851 0.092606 -0.0659038 51.3043 17.0761 0.194471 -0.0034824 0.177873 0.438498 0.249263 0.776527 2.30695 0.00557435 39.7839 0.206218 1
219.885 21.3495 0.198608 2.24951 198.827 20.7896 0.104721 0.376402 52.826 13.0268 -0.0496157 0.0898796 0.304666 0.558495 0.295238 0.845985 2.26524 0.00715486 21.8119 0.308453 1
223.96 22.3046 -0.696469 4.23335 201.14 20.0941 0.0280249 0.380875 53.5009 14.0774 0.0771421 -0.104053 0.183286 0.514042 0.239907 0.731496 2.34183 0.00524518 31.4754 0.221992 1
216.896 29.0594 -1.08074 4.74369 196.807 30.8506 -0.0390567 0.121694 51.3196 17.6388 0.195972 -0.00485481 0.142375 0.300994 0.356612 0.674157 2.31381 0.00550305 45.0696 0.181822 1
219.771 26.5186 -0.876737 3.85411 196.676 28.8672 -0.015079 -0.140369 55.498 19.8803 0.277439 -0.0662111 0.338261 0.534521 0.294329 0.912874 2.26218 0.00624593 42.7769 0.173279 1
224.987 19.7799 -0.366481 3.22257 205.149 19.9958 0.00625083 0.202897 48.6552 10.9172 0.0645108 0.0556516 0.311345 0.511368 0.540877 0.771034 2.29957 0.00563573 39.3236 0.192715 1
231.392 19.7846 -1.0279 3.89176 210.476 19.0226 0.138135 -0.026164 47.8728 9.26671 0.0796793 -0.0384656 0.261364 0.441064 0.294091 0.881243 2.23339 0.00688976 36.5827 0.197452 1
230.385 16.1 -0.159728 2.49837 207.225 15.49 0.141131 0.181619 52.6702 8.89232 0.00764722 0.0346104 0.1111 0.32095 0.244731 0.687272 2.24634 0.00653983 43.6284 0.174872 1
217.527 19.4476 -0.177894 2.65847 197.762 16.8926 -0.0309957 0.244249 48.6854 11.2291 0.0189045 -0.0292838 0.0718487 0.302624 0.408606 0.51252 2.33295 0.00538748 33.586 0.226512 1
219.109 18.7933 0.00555394 2.8216 202.056 16.7422 -0.0807905 0.536077 41.1737 12.2581 0.0841208 0.276735 0.0958996 0.361501 0.654291 0.472245 2.34239 0.00511473 31.1834 0.228339 1
211.019 20.7243 0.585214 2.43385 195.597 17.3344 0.0396482 0.257226 42.2791 11.5916 -0.0638236 -0.00455042 0.179215 0.427207 0.770162 0.593994 2.33402 0.00534797 31.3015 0.232901 1
214.565 19.4539 0.406149 2.4556 198.082 17.9155 0.0943865 0.16402 44.57 8.69352 -0.0246443 0.0316348 0.187682 0.445086 0.496671 0.659805 2.36375 0.00469616 44.602 0.171698 1
217.056 29.013 -0.41445 2.39728 162.688 27.1972 0.0465762 0.0356529 102.395 18.8572 0.118598 0.0165036 0.458114 0.568664 0.719809 0.87078 2.20488 0.00698184 28.371 0.220032 0
221.071 25.9566 -0.4048 2.70111 164.387 25.2943 0.158611 -0.0133707 102.836 16.7991 0.0363155 -0.00040152 0.351302 0.415045 0.63085 0.873768 2.20972 0.00739645 32.7527 0.201305 0
219.223 21.3647 -0.0296671 2.56404 163.504 20.5748 0.151256 0.0502913 100.518 14.3511 0.00377272 0.0944589 0.27414 0.455592 0.43808 0.826769 1.98843 0.0112889 44.4 0.16964 0
203.207 20.0072 0.17998 2.59955 151.768 19.6985 -0.0327517 0.0892325 101.28 11.3742 0.00845121 0.0375723 0.576445 0.5857 0.548048 0.952189 1.65616 0.0225694 32.4583 0.187253 0
221.444 13.0819 0.0265004 3.55217 172.356 12.2695 -0.170838 -0.0585129 87.3111 9.1841 0.201767 -0.00268994 0.269364 0.434783 0.304348 0.924328 1.20412 0.0625 81.875 0.0662959 0
211.9 25.7552 0.283069 2.16111 157.04 26.69 0.108139 0.0914808 101.34 16.1278 -0.0459992 0.086278 0.366807 0.444336 1 0.854632 1.42566 0.0382653 42.5714 0.176043 0
205.625 9.44904 0.665987 4.06596 150 9.43133 0.159313 0.560264 106.325 8.95094 -0.445255 -0.0390145 0.359613 0.562687 0.298507 0.935288 1.38265 0.0433673 28.2143 0.201588 0
206.263 23.7148 0.00223173 3.19698 153.293 22.5874 0.110803 0.291856 103.902 15.9406 0.0702758 0.163757 0.325275 0.450418 0.768739 0.799714 2.17211 0.007456 40.656 0.178117 0
208.62 29.7964 0.122054 2.36201 154.663 30.2741 0.131207 0.15598 105.021 23.3229 0.0645522 0.336227 0.223911 0.382197 0.55473 0.769241 2.30819 0.00550571 34.3763 0.191476 0
188 11.0136 -0.106358 1.34697 125.65 12.551 0.00285515 -0.00134663 142.7 29.3362 0.069912 -0.075212 0.774353 0.833333 0.6 0.987492 0.60206 0.25 125 0.0214432 0
217.89 29.8785 -0.171577 2.37494 164.622 31.7869 0.114238 -0.00764231 99.3832 24.2156 0.163536 0.316959 0.209127 0.373149 0.427487 0.76211 2.23344 0.00669335 47.125 0.133517 0
222.519 25.9748 -0.2911 2.30124 168.371 27.3446 0.0966399 -0.152767 97.7809 21.5946 0.228676 0.0414111 0.285567 0.426923 0.31115 0.902814 1.98831 0.0117933 81.7742 0.0577198 0
211.931 17.823 0.108727 3.03128 158.364 17.3672 -0.00671199 0.173437 100.624 15.2343 0.159665 0.0673203 0.281258 0.43988 0.583219 0.768051 1.97689 0.0111863 60.0968 0.147723 0
212.876 25.6486 0.627304 3.64677 154.678 25.9113 -0.102786 0.122399 110.384 32.4641 0.396429 0.399099 0.324593 0.522284 0.593557 0.762452 2.02367 0.0104875 44.0119 0.207493 0
201.079 23.4503 0.71533 3.18292 148 24.443 0.0565841 0.201433 103.175 16.1457 -0.12882 -0.0248261 0.271101 0.397922 0.314685 0.931475 1 0.1 18.2 0.234842 0
221.071 25.9566 -0.4048 2.70111 164.387 25.2943 0.158611 -0.0133707 102.836 16.7991 0.0363155 -0.00040152 0.351302 0.415045 0.63085 0.873768 2.20972 0.00739645 32.7527 0.201305 0
219.223 21.3647 -0.0296671 2.56404 163.504 20.5748 0.151256 0.0502913 100.518 14.3511 0.00377272 0.0944589 0.27414 0.455592 0.43808 0.826769 1.98843 0.0112889 44.4 0.16964 0
203.207 20.0072 0.17998 2.59955 151.768 19.6985 -0.0327517 0.0892325 101.28 11.3742 0.00845121 0.0375723 0.576445 0.5857 0.548048 0.952189 1.65616 0.0225694 32.4583 0.187253 0
216.237 36.0719 -0.33511 2.19145 161.5 42.0875 0.122116 -0.180892 145.342 39.5263 0.27311 -0.0285864 0.251098 0.511364 0.363636 0.806066 1.07918 0.0833333 88.8333 0.0139641 0
232.697 26.4817 0.0800852 2.95674 176.681 39.5144 0.0915704 -0.0813821 109.195 49.4854 0.199286 -0.157509 0.352103 0.514211 0.655707 0.778645 2.1804 0.00746499 46.2795 0.168147 1
229.12 26.8947 -0.17418 2.88874 171.151 39.4164 0.0993636 -0.035999 109.285 45.5496 0.0996028 -0.0113159 0.161063 0.379097 0.489157 0.627247 2.24695 0.00641529 38.3846 0.158741 1
227.426 29.1939 -0.137849 2.99206 166.418 34.766 0.182565 -0.0702772 117.25 40.369 0.234724 -0.0582756 0.474897 0.598356 0.750721 0.847416 2.23095 0.00667707 46.3011 0.180072 1
230.044 31.5717 0.283292 2.64863 188.516 48.7061 0.0469887 -0.0400474 89.6533 60.1319 0.209099 -0.0707473 0.355842 0.524005 0.633122 0.799657 2.10381 0.0086446 32.3173 0.144937 1
234.427 26.1666 -0.198094 2.87307 181.979 40.0165 0.0870763 -0.0782111 106.424 49.2952 0.175007 -0.175869 0.354162 0.547721 0.653111 0.76219 2.19456 0.00739584 36.411 0.208956 1
237.007 22.7198 -0.270307 3.57515 174.318 32.8154 0.153052 -0.135873 117.189 40.3339 0.198162 -0.262772 0.371296 0.516733 0.702628 0.755145 2.24208 0.00655791 43.0918 0.147934 1
226.491 29.0737 -0.40237 3.9992 158.703 31.1018 0.348875 0.151366 127.585 34.6932 0.0378348 0.490538 0.183012 0.494471 0.546165 0.595054 2.29232 0.00588163 33.1514 0.199877 1
227.98 27.7605 -0.0312906 2.69327 159.983 36.3026 0.114292 -0.0517742 131.896 45.6875 0.170194 -0.0995422 0.17652 0.449781 0.476067 0.605513 2.34196 0.0049782 40.6023 0.179506 1
230.042 30.6388 -0.431603 3.26998 173.716 40.3024 0.184337 -0.108612 112.029 44.7973 0.140429 -0.0135399 0.310506 0.567589 0.835305 0.709501 2.30869 0.00572995 33.3346 0.207265 1
226.862 31.4425 -0.398418 3.38728 162.206 35.0832 0.205198 -0.130081 128.019 38.1061 0.30747 -0.00625683 0.296171 0.468386 0.680651 0.749099 2.27979 0.00612902 30.1554 0.231481 1
227.777 29.2092 -0.203343 2.75358 169.923 41.6516 0.086543 -0.033282 116.649 52.5434 0.107785 -0.0710653 0.157351 0.390834 0.637893 0.543538 2.20247 0.00733258 38.2618 0.163348 1
232.504 27.38 0.12427 3.0926 171.356 38.4238 0.0765619 -0.0560943 115.985 49.6778 0.236772 -0.144465 0.292944 0.426168 0.803414 0.740942 2.19723 0.00725309 50.9167 0.163738 1
228.444 29.6736 -0.0785962 2.15525 174.343 45.6489 0.0627454 -0.026372 109.552 57.0312 0.103048 -0.0525817 0.269656 0.454038 0.585273 0.746135 2.11977 0.00864704 34.5234 0.144125 1
231.589 28.6029 -0.0884511 2.12671 179.423 46.0334 0.0916002 -0.090655 100.553 51.0118 0.151027 -0.122048 0.3185 0.516625 0.76504 0.73776 2.18911 0.007495 33.8689 0.163377 1
234.649 25.5886 -0.133336 2.58235 179.844 37.6789 0.102977 -0.106717 106.78 47.1049 0.210045 -0.277394 0.275292 0.452724 0.580179 0.744167 2.02079 0.0107875 47.866 0.161767 1
234.263 24.4507 -0.236572 2.37669 169.074 38.0656 0.0525242 -0.0199091 122.47 51.9891 0.0871345 -0.0626767 0.552147 0.62963 0.964286 0.849916 2.20084 0.0069738 32.7198 0.196712 1
227.752 27.5457 -0.172559 2.58774 168.266 39.9694 0.0801835 -0.0032414 112.702 46.7032 0.0749123 0.0209819 0.151667 0.409091 0.964912 0.562412 2.2178 0.00674945 32.2378 0.198636 1
232.502 27.2467 -0.160942 2.9672 170.221 39.5169 0.0883967 -0.0590976 117.261 53.2253 0.165468 -0.171244 0.325991 0.527596 0.740984 0.737802 2.24376 0.00656851 39.4675 0.182038 1
234.226 26.8104 -0.149324 3.07203 172.412 39.7977 0.0925859 -0.0568249 119.092 48.695 0.177124 -0.11152 0.374871 0.553044 0.790393 0.752619 2.22467 0.00688059 27.788 0.227608 1
238.613 22.3258 -0.136167 2.88106 175.151 36.322 0.0624875 -0.0548121 118.112 48.2182 0.157314 -0.173626 0.333243 0.510097 0.600789 0.769036 2.24127 0.00669333 22.4359 0.20448 1
230.688 27.0313 -0.173523 2.3403 173.958 38.6537 0.13353 -0.082558 110.758 40.8573 0.137893 -0.0745719 0.207025 0.367458 0.762254 0.706318 2.01565 0.0106042 26.8155 0.216158 1
230.389 26.5827 -0.0170479 2.39601 170.528 40.2877 0.0794781 -0.0359964 115.989 49.6172 0.126122 -0.074844 0.273073 0.53511 0.766499 0.66493 2.20395 0.00701735 28.1204 0.195888 1
226.399 34.1789 -0.365404 2.74159 160.61 38.9829 0.334096 -0.274982 122.188 42.1671 0.27223 -0.339169 0.453422 0.536656 0.698183 0.848103 2.08142 0.00936703 37.1696 0.235745 1
224.388 28.4764 -0.447901 3.7173 158.517 37.6813 0.130368 0.0221669 126.764 45.5823 0.00776436 0.1546 0.292051 0.425176 0.636462 0.80289 2.22955 0.00700641 25.2967 0.235209 1
220.044 31.5275 -0.0253621 2.98638 155.243 42.1223 0.126696 0.0192725 130.76 47.8366 0.061258 0.141216 0.344804 0.537037 0.674913 0.802915 2.10079 0.00944051 26.2381 0.272796 1
237.623 20.1722 -0.139236 3.06055 160.533 25.2582 0.0701882 -0.0247746 139.435 37.8249 0.187297 -0.139809 0.146612 0.466364 0.360544 0.616459 2.25211 0.00641939 36.3248 0.174383 1
221.177 30.5468 0.133117 3.10888 150.047 36.0375 0.161439 0.0247391 139.094 41.821 0.230197 0.113176 0.105968 0.374232 0.404867 0.56788 2.28952 0.0058099 38.9283 0.166073 1
236.329 22.4365 0.17117 2.50206 157.871 27.8387 0.0617845 -0.0409767 144.44 40.4224 0.266648 -0.205383 0.284546 0.502521 0.485714 0.761157 2.23314 0.00659823 25.7004 0.231431 1
228.943 24.3074 0.752632 4.01427 153.256 25.7436 0.0370208 -0.000403456 138.263 36.9726 0.479173 0.0752198 0.191575 0.395648 0.414053 0.745704 2.23973 0.00642904 38.6198 0.155905 1
226.467 22.2047 -0.342461 1.96474 148.489 18.476 0.0437351 0.11585 136.378 15.5696 0.165931 0.185811 0.60885 0.677083 0.416667 0.970348 0.90309 0.125 144.25 0.00843341 1
228.777 29.0314 0.0744087 3.42912 158.145 35.7376 0.118468 0.0098712 132.131 45.7886 0.254543 -0.000440008 0.138706 0.448823 0.46608 0.558701 2.30028 0.00572103 30.1455 0.245552 1
228.424 28.9443 -0.419727 3.07603 161.43 41.5637 0.086227 -0.013835 130.017 54.5871 0.0651905 -0.0171399 0.241479 0.535738 0.772898 0.662538 2.24645 0.00650815 30.8465 0.188289 1
231.161 23.4838 -0.19073 3.54739 163.902 34.7431 0.0941415 0.00502821 121.907 43.8159 0.0673518 0.035185 0.405249 0.568029 0.742014 0.793337 2.29741 0.00579884 29.3608 0.2121 1
230.386 25.13 -0.0891497 3.32446 150.351 29.8107 0.0753386 0.0121913 145.963 42.5992 0.170038 -0.000586313 0.136815 0.343676 0.567164 0.61617 2.20532 0.00718852 36.6037 0.185424 1
230.555 27.5165 0.00585007 2.76046 156.477 36.3636 0.0840372 -0.0251494 139.505 48.9092 0.171202 -0.0580611 0.308305 0.589907 0.794909 0.69215 2.29126 0.005904 40.04 0.186276 1
231.751 26.1899 -0.196551 3.05514 162.226 37.6397 0.0797272 -0.0496696 134.922 49.7338 0.142028 -0.13363 0.194578 0.382423 0.560297 0.675772 2.30323 0.00560158 34.2846 0.191036 1
226.336 28.7337 -0.191908 3.10631 152.204 39.5223 0.0891696 -0.0209882 144.558 51.5316 0.113651 -0.0495188 0.372267 0.574386 0.531863 0.758825 2.2957 0.0056965 29.2391 0.193708 1
224.828 30.7133 -0.229791 3.35297 147.835 34.5559 0.187444 0.0130829 148.936 40.172 0.225028 0.110545 0.405282 0.588387 0.798429 0.789445 2.32075 0.00534815 28.6533 0.236108 1
222.757 31.468 -0.11308 2.9112 146.894 35.3377 0.115437 0.0118495 146.073 46.9058 0.16894 0.0288822 0.402228 0.628118 0.927601 0.764171 2.33973 0.00508507 38.6792 0.179758 1
227.664 29.667 -0.318571 3.27526 150.378 37.9164 0.113821 -0.0227075 147.339 49.9893 0.127645 -0.0439899 0.133906 0.429183 0.574545 0.553952 2.32644 0.00521016 34.715 0.198261 1
226.957 29.952 -5.70331e-05 3.02646 147.123 33.084 0.126368 -0.0245105 150.509 42.6733 0.325742 -0.0886507 0.185107 0.493626 0.476111 0.614387 2.32464 0.00531811 34.7646 0.203024 1
226.817 31.5757 -0.09238 3.17933 151.111 36.27 0.134283 -0.0291997 146.102 45.9811 0.268803 -0.00539254 0.129168 0.418733 0.411458 0.553419 2.32553 0.00538467 33.9962 0.220765 1
231.422 27.4049 -0.256848 3.20426 159.519 36.3651 0.124833 -0.0622169 138.327 45.4994 0.171772 -0.127103 0.202572 0.458513 0.509333 0.648203 2.3312 0.00537912 28.5385 0.229622 1
228.859 29.4428 0.0407232 3.37652 151.763 33.9224 0.139972 -0.0445334 144.495 43.6027 0.343314 -0.105747 0.201861 0.430455 0.462676 0.683759 2.32076 0.00539909 31.534 0.213244 1
225.362 30.476 -0.0716878 3.77815 150.381 36.2805 0.130286 0.0117073 142.745 44.7686 0.206089 0.183847 0.175183 0.520583 0.517978 0.577783 2.33989 0.00507052 30.2362 0.213854 1
219.284 30.3715 -0.0921934 4.49934 144.059 30.2645 0.238251 0.231365 141.898 37.3178 0.230375 0.592811 0.263631 0.530559 0.510334 0.722356 2.3328 0.00527495 32.0122 0.217171 1
253.8 2.42074 0.0397134 1.92036 249.25 5.17566 0.0162272 -0.01745 11.6 7.27599 0.0960292 -0.088875 0.621374 0.625 0.625 0.974778 0 0 0 0 1
227.829 30.0899 -0.333223 3.68903 149.011 29.9081 0.209329 0.0369199 147.215 35.8627 0.325408 0.181356 0.165641 0.433317 0.598811 0.588843 2.32416 0.00533126 30.4143 0.23322 1
220.579 11.1323 -0.168691 2.38336 177.263 11.0446 -0.043706 0.186533 87.4211 13.7432 0.271279 -0.409671 0.808518 0.8 0.6 1 0.30103 0.5 64 0.0153846 1
252.08 2.26133 -0.106854 1.45426 241.04 9.15415 0.000189499 -4.62735e-05 22.68 16.4286 0.00140883 -0.000582778 0.53554 0.650227 0.367347 0.98262 0 0 0 0 1
230.367 29.0962 -0.668144 4.77409 149.703 30.8177 0.190309 0.0555173 149.719 40.1761 0.149429 0.305472 0.197271 0.480307 0.454198 0.64229 2.3001 0.00570138 23.2207 0.256745 1
231.069 26.9951 -0.211715 3.45457 147.805 31.2167 0.106283 -0.0121961 155.982 42.8647 0.222542 -0.0673387 0.123016 0.446213 0.480724 0.513354 2.32505 0.00524992 30.1988 0.198838 1
225.905 30.282 -0.100697 3.4228 143.409 31.3899 0.154652 -0.00354504 156.05 38.7964 0.34778 0.132302 0.104705 0.446105 0.438831 0.506308 2.33275 0.00520696 34.318 0.193116 1
221.571 32.3617 -0.164462 3.80755 138.719 30.297 0.163395 -0.0457049 158.229 37.8216 0.379527 0.365153 0.271667 0.47536 0.656331 0.707444 2.33065 0.00523113 25.2648 0.239371 1
230.797 27.2117 0.057623 3.07467 146.238 28.8481 0.141891 -0.0386642 155.226 38.0019 0.398184 -0.101691 0.146724 0.523763 0.416667 0.557672 2.32348 0.0053048 26.7674 0.217074 1
232.348 28.4941 -0.242472 3.14272 150.271 32.3328 0.152461 -0.0727054 154.807 42.6571 0.292381 -0.204004 0.262751 0.553179 0.447049 0.690074 2.35196 0.004815 28.2383 0.207633 1
234.824 26.306 -0.433318 3.40617 150.022 33.3003 0.108697 -0.0440366 158.615 46.6084 0.191506 -0.190723 0.123745 0.507462 0.416742 0.511191 2.33833 0.00507168 35.4544 0.18335 1
232.111 28.4436 -0.303182 3.70705 149.944 34.3014 0.145634 -0.0765245 156.382 45.1338 0.252858 -0.162391 0.165641 0.539867 0.37276 0.588027 2.34872 0.0049426 31.223 0.204607 1
216.237 36.0719 -0.33511 2.19145 161.5 42.0875 0.122116 -0.180892 145.342 39.5263 0.27311 -0.0285864 0.251098 0.511364 0.363636 0.806066 1.07918 0.0833333 88.8333 0.0139641 0
232.697 26.4817 0.0800852 2.95674 176.681 39.5144 0.0915704 -0.0813821 109.195 49.4854 0.199286 -0.157509 0.352103 0.514211 0.655707 0.778645 2.1804 0.00746499 46.2795 0.168147 1
229.12 26.8947 -0.17418 2.88874 171.151 39.4164 0.0993636 -0.035999 109.285 45.5496 0.0996028 -0.0113159 0.161063 0.379097 0.489157 0.627247 2.24695 0.00641529 38.3846 0.158741 1
227.426 29.1939 -0.137849 2.99206 166.418 34.766 0.182565 -0.0702772 117.25 40.369 0.234724 -0.0582756 0.474897 0.598356 0.750721 0.847416 2.23095 0.00667707 46.3011 0.180072 1
230.044 31.5717 0.283292 2.64863 188.516 48.7061 0.0469887 -0.0400474 89.6533 60.1319 0.209099 -0.0707473 0.355842 0.524005 0.633122 0.799657 2.10381 0.0086446 32.3173 0.144937 1
232.697 26.4817 0.0800852 2.95674 176.681 39.5144 0.0915704 -0.0813821 109.195 49.4854 0.199286 -0.157509 0.352103 0.514211 0.655707 0.778645 2.1804 0.00746499 46.2795 0.168147 1
216.237 36.0719 -0.33511 2.19145 161.5 42.0875 0.122116 -0.180892 145.342 39.5263 0.27311 -0.0285864 0.251098 0.511364 0.363636 0.806066 1.07918 0.0833333 88.8333 0.0139641 0
229.12 26.8947 -0.17418 2.88874 171.151 39.4164 0.0993636 -0.035999 109.285 45.5496 0.0996028 -0.0113159 0.161063 0.379097 0.489157 0.627247 2.24695 0.00641529 38.3846 0.158741 1
227.426 29.1939 -0.137849 2.99206 166.418 34.766 0.182565 -0.0702772 117.25 40.369 0.234724 -0.0582756 0.474897 0.598356 0.750721 0.847416 2.23095 0.00667707 46.3011 0.180072 1
230.044 31.5717 0.283292 2.64863 188.516 48.7061 0.0469887 -0.0400474 89.6533 60.1319 0.209099 -0.0707473 0.355842 0.524005 0.633122 0.799657 2.10381 0.0086446 32.3173 0.144937 1
234.427 26.1666 -0.198094 2.87307 181.979 40.0165 0.0870763 -0.0782111 106.424 49.2952 0.175007 -0.175869 0.354162 0.547721 0.653111 0.76219 2.19456 0.00739584 36.411 0.208956 1
237.007 22.7198 -0.270307 3.57515 174.318 32.8154 0.153052 -0.135873 117.189 40.3339 0.198162 -0.262772 0.371296 0.516733 0.702628 0.755145 2.24208 0.00655791 43.0918 0.147934 1
226.491 29.0737 -0.40237 3.9992 158.703 31.1018 0.348875 0.151366 127.585 34.6932 0.0378348 0.490538 0.183012 0.494471 0.546165 0.595054 2.29232 0.00588163 33.1514 0.199877 1
227.98 27.7605 -0.0312906 2.69327 159.983 36.3026 0.114292 -0.0517742 131.896 45.6875 0.170194 -0.0995422 0.17652 0.449781 0.476067 0.605513 2.34196 0.0049782 40.6023 0.179506 1
230.042 30.6388 -0.431603 3.26998 173.716 40.3024 0.184337 -0.108612 112.029 44.7973 0.140429 -0.0135399 0.310506 0.567589 0.835305 0.709501 2.30869 0.00572995 33.3346 0.207265 1
226.862 31.4425 -0.398418 3.38728 162.206 35.0832 0.205198 -0.130081 128.019 38.1061 0.30747 -0.00625683 0.296171 0.468386 0.680651 0.749099 2.27979 0.00612902 30.1554 0.231481 1
227.777 29.2092 -0.203343 2.75358 169.923 41.6516 0.086543 -0.033282 116.649 52.5434 0.107785 -0.0710653 0.157351 0.390834 0.637893 0.543538 2.20247 0.00733258 38.2618 0.163348 1
232.504 27.38 0.12427 3.0926 171.356 38.4238 0.0765619 -0.0560943 115.985 49.6778 0.236772 -0.144465 0.292944 0.426168 0.803414 0.740942 2.19723 0.00725309 50.9167 0.163738 1
228.444 29.6736 -0.0785962 2.15525 174.343 45.6489 0.0627454 -0.026372 109.552 57.0312 0.103048 -0.0525817 0.269656 0.454038 0.585273 0.746135 2.11977 0.00864704 34.5234 0.144125 1
231.589 28.6029 -0.0884511 2.12671 179.423 46.0334 0.0916002 -0.090655 100.553 51.0118 0.151027 -0.122048 0.3185 0.516625 0.76504 0.73776 2.18911 0.007495 33.8689 0.163377 1
234.649 25.5886 -0.133336 2.58235 179.844 37.6789 0.102977 -0.106717 106.78 47.1049 0.210045 -0.277394 0.275292 0.452724 0.580179 0.744167 2.02079 0.0107875 47.866 0.161767 1
234.263 24.4507 -0.236572 2.37669 169.074 38.0656 0.0525242 -0.0199091 122.47 51.9891 0.0871345 -0.0626767 0.552147 0.62963 0.964286 0.849916 2.20084 0.0069738 32.7198 0.196712 1
227.752 27.5457 -0.172559 2.58774 168.266 39.9694 0.0801835 -0.0032414 112.702 46.7032 0.0749123 0.0209819 0.151667 0.409091 0.964912 0.562412 2.2178 0.00674945 32.2378 0.198636 1
232.502 27.2467 -0.160942 2.9672 170.221 39.5169 0.0883967 -0.0590976 117.261 53.2253 0.165468 -0.171244 0.325991 0.527596 0.740984 0.737802 2.24376 0.00656851 39.4675 0.182038 1
234.226 26.8104 -0.149324 3.07203 172.412 39.7977 0.0925859 -0.0568249 119.092 48.695 0.177124 -0.11152 0.374871 0.553044 0.790393 0.752619 2.22467 0.00688059 27.788 0.227608 1
238.613 22.3258 -0.136167 2.88106 175.151 36.322 0.0624875 -0.0548121 118.112 48.2182 0.157314 -0.173626 0.333243 0.510097 0.600789 0.769036 2.24127 0.00669333 22.4359 0.20448 1
178.844 25.0001 0.0121865 2.2566 130.469 23.8471 -0.01079 -0.0636559 149.25 21.095 0.100474 -0.0909167 0.608576 0.693478 0.434783 0.959024 1.25527 0.0555556 74.3333 0.129634 1
196.524 12.1209 0.551618 3.50669 168.762 12.6525 -0.0538984 0.080888 86.619 15.3576 0.447945 0.512897 0.447858 0.625 0.4 0.945757 1.14613 0.0714286 59.5714 0.0565797 1
168.475 18.996 0.520382 2.9241 126.2 19.3031 -0.0107066 -0.00123606 139.275 29.653 -0.00726921 0.0755032 0.772972 0.7375 0.625 0.972226 1.27987 0.0555556 41.3333 0.0734503 1
171.983 21.3301 0.329329 4.09048 119.243 20.5196 -0.0440404 -0.00708935 174.478 26.1834 0.517064 0.00711858 0.225858 0.458501 0.460843 0.727591 1.93537 0.0124964 68.9661 0.0774253 1
172.648 19.6828 0.498743 2.89553 117.685 21.9577 -0.00304231 -0.013133 180.37 31.0622 0.29884 -0.00415349 0.450839 0.554348 0.442308 0.921282 1.53148 0.0294118 70.5882 0.0943638 1
174.812 18.8742 0.670743 7.86145 124.812 17.8415 -0.119231 0.341012 164.25 22.7829 1.18956 1.20701 0.444992 0.638889 0.333333 0.954104 1.64593 0.0246914 55.3333 0.10291 1
180.488 20.3504 -0.209796 2.39523 124.248 12.9909 0.0144136 0.0102967 175.936 25.6932 0.0723606 0.0244579 0.583476 0.640867 0.894737 0.894656 1.94849 0.0122522 34.1194 0.190477 1
175.365 12.3117 0.035844 2.39353 124.5 13.017 0.00581364 -0.0233989 162.288 19.3841 0.0877147 -0.0591372 0.677298 0.767236 0.585507 0.970616 1.35513 0.0451389 50.5833 0.151528 1
184.859 21.5267 -0.428492 3.22131 123.695 20.043 0.0288257 -0.0509307 185.775 30.6062 0.141514 -0.339724 0.32024 0.492941 0.68 0.773909 2.17659 0.00737997 34.9118 0.1693 1
193.214 27.5858 -0.360029 3.48047 129.357 21.6837 0.0478118 -0.147864 163.155 22.3801 0.388652 0.0293624 0.592468 0.702789 0.474359 0.940474 1.70887 0.0212191 40.1944 0.177992 1
167.707 17.8343 0.503292 3.41644 106.683 16.8833 -0.0606834 -0.0631888 174 21.2867 0.306313 0.0605359 0.607852 0.666667 0.517241 0.960257 1.40415 0.0408163 14.0714 0.243389 1
168.975 19.1111 -0.0486066 4.13916 108.904 19.1787 -0.0223918 0.0294353 180.645 24.7763 -0.0910654 0.263588 0.228543 0.498413 0.299145 0.775895 2.10857 0.00899306 40.6083 0.176921 1
172.688 28.2571 0.676804 3.73673 115.062 27.4225 0.00688606 0.00379277 164.75 36.6325 0.538962 0.21598 0.608576 0.643275 0.473684 0.968495 1.15493 0.0740741 53.7778 0.209167 0
184.218 22.3409 0.198007 3.57343 126.299 18.9883 -0.066685 -0.060433 163.726 20.8301 0.273321 -0.111682 0.332293 0.505552 0.339867 0.88865 2.06684 0.00932334 45.3627 0.197972 1
184.719 29.4711 0.279492 2.55265 120.738 24.5293 -0.0785338 0.0234881 178.546 37.2781 -0.0447036 -0.00494695 0.369229 0.514011 0.433854 0.870272 2.2387 0.00669243 50.0097 0.157972 1
173.532 23.8388 -0.000681248 3.2978 121.524 21.873 -0.00448989 -0.00317266 169.653 38.8122 0.0129644 0.0104728 0.417759 0.497947 0.468571 0.912289 2.19029 0.0076898 55.4629 0.125214 1
182.806 23.8345 -0.243876 2.83148 116.872 19.9343 -0.0116524 -0.00280495 197.868 32.5013 -0.218504 -0.190046 0.407131 0.488938 0.548673 0.865454 2.28054 0.00589441 40.3063 0.179812 1
177.167 14.2585 -0.933637 4.1552 124.083 14.5857 0.00215474 -0.0107412 166.958 22.1557 -0.202233 0.238455 0.604609 0.75 0.8 0.919906 1 0.1 112.8 0.0106341 0
179.47 24.0382 0.113684 2.43979 118.722 22.03 -0.0416359 0.0148114 187.121 35.2066 -0.0168938 -0.131801 0.314814 0.463499 0.659731 0.794477 2.3077 0.00561 42.0894 0.16431 1
198.351 28.4494 -0.150839 2.83583 129.748 22.2083 -0.0554359 0.0532333 189.301 32.7654 -0.069191 0.14465 0.339514 0.554 0.8 0.771111 2.24129 0.00659575 34.0897 0.213742 1
183.595 29.819 0.136263 2.85173 114.5 23.1937 -0.0631592 -0.0137743 186.124 33.217 0.210157 -0.367623 0.204044 0.446429 0.28 0.808768 2.1914 0.00733435 48.5587 0.152112 1
184.157 25.9039 -0.396944 2.6535 109.695 22.03 -0.0203247 0.0058144 197.242 36.925 -0.197692 0.00655545 0.707145 0.766544 0.941176 0.922416 2.22667 0.00653017 48.8037 0.139011 1
187.324 32.6157 0.0793346 2.57809 116.77 25.8736 -0.0835592 0.0696634 183.634 36.6904 -0.169113 0.0670784 0.661923 0.710816 0.661266 0.912689 2.20051 0.00716263 56.9412 0.154561 1
188.99 31.9298 -0.316137 2.40607 122.208 24.1534 -0.0307396 0.0193863 185.865 36.8999 0.103703 -0.286596 0.282105 0.559693 0.392383 0.76502 2.2727 0.00607125 32.6926 0.196427 1
190.762 26.1033 -0.344787 2.83303 126.205 19.8121 -0.0187337 0.0199267 185.593 32.3806 0.0347286 -0.0788869 0.299742 0.497498 0.938128 0.709327 2.23938 0.00662218 37.2589 0.169517 1
194.637 25.0225 -0.581475 3.16401 131.54 17.3593 0.00124796 0.053946 183.518 28.4227 -0.19181 0.506478 0.246193 0.5171 0.441048 0.730053 2.12124 0.00929427 25.8333 0.242371 1
193.617 29.7654 -0.696615 3.08513 131.191 20.8684 0.0249312 0.0540412 179.667 30.5315 0.258649 -0.354766 0.24621 0.459475 0.331288 0.8585 2.05438 0.0102014 41.3068 0.17559 1
167.123 26.4176 -0.0929856 2.98744 107.397 24.5456 0.0343243 -0.122518 162.849 33.5403 0.0744442 -0.636632 0.419924 0.61548 0.386861 0.909043 1.53724 0.0306122 54.8571 0.0640487 0
191.739 20.7903 0.237354 3.11067 123.152 16.9487 -0.0290729 0.087902 189.304 25.1525 0.512999 0.178701 0.814505 0.8625 0.625 0.98908 1.39182 0.0414201 32.6923 0.205634 0
176.223 22.5026 0.0599769 3.431 120.331 21.85 0.0483215 -0.0488136 174.674 25.6587 0.27102 -0.171111 0.5539 0.616959 0.50266 0.93407 2.06046 0.00987081 44.8072 0.120518 1
177.985 11.0123 -0.314154 3.02839 128.562 6.4331 -0.000520015 0.00282038 159.453 17.2948 0.0703262 -0.0110469 0.771672 0.756494 0.785714 0.944826 1.95946 0.0123437 46.3875 0.121147 1
177.345 12.4918 -0.691387 3.32974 131.135 11.5649 0.0613015 0.0255809 144.55 17.4037 -0.034 0.0473636 0.50915 0.601564 0.528736 0.912483 2.05884 0.00991353 40.8785 0.154771 1
180.13 21.6468 -0.213556 3.6881 126.604 20.6841 0.0443349 -0.00579802 159.93 25.9929 0.234985 0.16588 0.292579 0.548396 0.32906 0.810677 2.14001 0.00810851 31.9718 0.200344 1
232.692 32.0144 -0.462132 2.13418 180.378 52.1453 0.154121 -0.179564 139.801 48.2371 0.0863558 -0.0676557 0.0522246 0.370945 0.834713 0.315029 2.1544 0.00987106 8.24506 0.463538 1
227.375 34.9451 -0.37768 1.98868 173.398 56.0678 0.150117 -0.135471 143.832 50.4836 0.029183 0.0102416 0.0346722 0.253709 0.631261 0.332 2.10043 0.011982 6.9291 0.508057 1
227.335 35.1244 -0.319484 2.04886 167.482 51.313 0.238543 -0.196133 153.702 41.3651 0.0146297 0.0797624 0.0793814 0.406595 0.577044 0.416459 2.14083 0.00987249 7.44755 0.458854 1
231.982 33.4733 -0.55069 2.11227 183.533 56.791 0.0929129 -0.105222 131.094 60.3825 0.080979 -0.0964697 0.0571667 0.367161 0.906471 0.357465 2.04318 0.0134378 4.90581 0.536735 1
229.174 33.5686 -0.40708 2.1351 172.455 54.2064 0.15787 -0.13018 147.413 49.0349 0.0208163 0.0264277 0.0452431 0.314842 0.777988 0.292484 2.09945 0.011513 6.77503 0.503002 1
222.95 35.4544 -0.348306 2.59776 160.288 51.7521 0.201451 -0.0678864 155.932 46.6316 -0.0822749 0.234805 0.0650008 0.325114 0.675217 0.397251 2.12883 0.0106943 7.39495 0.460308 1
230.364 32.0272 -0.29967 2.07419 168.817 48.4722 0.243008 -0.235027 154.597 39.0642 0.0475248 0.0197936 0.0294551 0.283766 0.799245 0.265878 2.17787 0.00874582 8.49194 0.428364 1
227.475 37.1089 -0.354963 2.1007 167.73 51.4805 0.329821 -0.401773 153.594 40.4961 0.079489 -0.0551432 0.135883 0.316308 0.575049 0.449911 2.13935 0.0106558 8.53565 0.46445 1
230.477 32.7839 -0.287685 1.90654 171.381 50.4046 0.241844 -0.256582 154.843 38.9956 0.0699907 -0.0270217 0.0384514 0.277608 0.58303 0.332084 2.21059 0.00813591 10.3885 0.401832 1
225.576 37.2733 -0.339886 2.16706 164.443 51.5921 0.27945 -0.20303 156.378 41.164 -0.0346744 0.201219 0.0276881 0.303386 0.670355 0.264671 2.10288 0.0113144 6.62956 0.509721 1
227.709 33.6444 -0.403533 2.24131 170.064 53.5637 0.162562 -0.120455 150.896 47.1161 -0.0150284 0.0930901 0.0420113 0.230433 0.546668 0.343078 2.10416 0.0115272 7.16615 0.486792 1
229.482 33.1241 -0.341672 2.1436 169.986 52.4307 0.20562 -0.180899 153.711 44.136 0.0146009 0.059773 0.0268181 0.224281 0.621343 0.313053 2.08407 0.0120346 6.22665 0.507718 1
225.197 34.5152 -0.351134 2.57108 161.351 49.4286 0.236245 -0.11608 157.807 43.3544 -0.057336 0.215743 0.0308845 0.200509 0.732353 0.33084 2.18879 0.00920574 10.4924 0.428308 1
227.625 32.6491 -0.398245 2.84934 163.397 48.0966 0.242683 -0.135656 157.1 43.5625 -0.0530129 0.19281 0.0779008 0.324846 0.698853 0.449171 2.12894 0.0112374 8.29954 0.476743 1
178.844 25.0001 0.0121865 2.2566 130.469 23.8471 -0.01079 -0.0636559 149.25 21.095 0.100474 -0.0909167 0.608576 0.693478 0.434783 0.959024 1.25527 0.0555556 74.3333 0.129634 1
196.524 12.1209 0.551618 3.50669 168.762 12.6525 -0.0538984 0.080888 86.619 15.3576 0.447945 0.512897 0.447858 0.625 0.4 0.945757 1.14613 0.0714286 59.5714 0.0565797 1
168.475 18.996 0.520382 2.9241 126.2 19.3031 -0.0107066 -0.00123606 139.275 29.653 -0.00726921 0.0755032 0.772972 0.7375 0.625 0.972226 1.27987 0.0555556 41.3333 0.0734503 1
171.983 21.3301 0.329329 4.09048 119.243 20.5196 -0.0440404 -0.00708935 174.478 26.1834 0.517064 0.00711858 0.225858 0.458501 0.460843 0.727591 1.93537 0.0124964 68.9661 0.0774253 1
172.648 19.6828 0.498743 2.89553 117.685 21.9577 -0.00304231 -0.013133 180.37 31.0622 0.29884 -0.00415349 0.450839 0.554348 0.442308 0.921282 1.53148 0.0294118 70.5882 0.0943638 1
174.812 18.8742 0.670743 7.86145 124.812 17.8415 -0.119231 0.341012 164.25 22.7829 1.18956 1.20701 0.444992 0.638889 0.333333 0.954104 1.64593 0.0246914 55.3333 0.10291 1
162.982 53.8029 0.16424 2.01009 128.228 53.9194 0.0981453 0.0541093 176.263 38.5712 0.0471968 0.040291 0.296644 0.494172 0.349754 0.870447 1.20412 0.0625 109 0.0158097 1
204.259 41.3601 -0.177473 2.27212 150.651 43.4634 0.16608 -0.0520442 177.69 35.0732 0.192989 0.0474703 0.156197 0.411987 0.689514 0.581573 2.15007 0.00821417 42 0.201369 1
202.874 37.7189 0.0966135 2.06772 157.506 41.7249 0.0872278 0.00374112 155.134 43.9118 -0.00797772 0.134724 0.156437 0.396504 0.349811 0.768449 2.10391 0.00897987 55.0935 0.131238 1
183.934 36.1063 0.503689 2.38644 130.098 34.4591 0.103733 0.175162 175.836 26.146 -0.148441 0.108097 0.584092 0.612531 0.614035 0.894833 1.6104 0.0255198 59.3043 0.0766811 1
217.663 37.3763 -0.165679 1.80297 181.277 47.1087 0.0770288 -0.0519431 163.46 41.0284 0.171613 0.0685976 0.23517 0.370104 0.460837 0.792219 2.04383 0.00986676 45.6883 0.140029 1
181.162 56.0602 -0.0807027 1.80502 139.457 53.9801 0.107367 -0.0240359 179 42.1986 0.0799368 0.0441958 0.112924 0.259346 0.593846 0.646431 1.75732 0.0197224 58.9189 0.149937 1
213.073 36.2906 -0.0297377 1.78969 170.43 46.0473 0.0803331 -0.00256549 164.318 39.6502 0.059537 0.0877071 0.102962 0.278051 0.267925 0.734632 2.18077 0.00753333 53.7667 0.112915 1
188.934 12.9284 0.341697 2.43342 135.787 10.7171 -0.034216 0.0339933 117.836 13.3062 -0.148826 -0.438439 0.653635 0.775 0.416667 0.978162 1.48472 0.034626 33.8947 0.315404 0
228.071 31.8107 -1.03124 3.33213 188.714 33.0545 0.191693 -0.265643 100.054 17.4237 0.178849 0.124242 0.180687 0.400422 0.236842 0.841881 1 0.1 48.6 0.117517 1
192.984 34.7096 0.164377 2.53123 134.16 34.2713 0.186397 0.241507 188.089 30.4953 0.0242473 0.073455 0.147409 0.338513 0.737823 0.636372 2.02063 0.0108869 54 0.125152 1
172 38.5692 0.319884 2.29347 125.509 35.5977 0.0565998 0.0272693 163.321 39.3968 -0.0586137 -0.076931 0.330979 0.521739 0.376812 0.83488 1.34242 0.0454545 78.7273 0.0468036 1
206.766 38.5085 0.0670023 1.78026 164.614 48.8051 0.0763642 0.01538 172.535 41.503 0.0318882 0.11004 0.14584 0.289698 0.358684 0.753598 2.17799 0.00762689 35.8593 0.153205 1
217.333 30.3022 0.0423662 1.7113 175.2 34.2284 0.106601 -0.0778465 99.8444 18.2391 0.0367652 0.0537984 0.786079 0.708333 0.75 0.978839 1.41497 0.0384615 91.5385 0.0674308 1
195.86 17.4156 0.316493 3.2975 141.817 14.6133 0.0585129 0.352164 112.968 13.3943 0.149622 0.0418263 0.499027 0.805556 0.277778 0.958038 1.6997 0.0211938 61.3824 0.135284 1
187.28 33.6524 0.53214 2.73512 130.855 33.0126 0.191814 0.393049 188.685 29.5619 0.0525132 0.207108 0.343247 0.536583 0.506038 0.819161 1.98796 0.0114468 36.6575 0.191976 1
160.229 44.1485 0.0149026 2.13107 118.855 46.4439 0.0794304 -0.0251152 186.373 47.5488 -0.149887 -0.041197 0.267693 0.457332 0.44382 0.788072 1.5268 0.03125 44.4 0.160617 1
176.173 50.6721 0.210936 1.95458 134.987 49.2581 0.081559 0.0678123 158.253 36.8373 0.0485871 0.107871 0.48848 0.610526 0.526316 0.876107 1.53958 0.029321 53.3889 0.11684 1
194.172 15.9686 -0.013979 3.05505 144.418 12.638 0.0538968 -0.0815353 105.852 8.36236 0.064216 0.0295149 0.269837 0.567901 0.222222 0.86484 1.75598 0.0196125 80.2826 0.107525 1
213.43 37.4698 -0.0637034 1.75101 177.662 45.7727 0.0933897 -0.047798 136.594 37.3498 0.126657 0.114574 0.179432 0.41764 0.333628 0.819914 2.09829 0.00911952 55.2977 0.136205 1
194.154 43.2737 -0.00223271 2.10394 143.128 43.1893 0.084166 0.0250671 167.692 45.3472 0.0334248 0.266458 0.152919 0.377583 0.204724 0.859834 1.47712 0.0333333 41.9333 0.106631 1
174.22 23.7137 0.547897 3.54072 121.593 24.7394 0.0330774 0.110718 175.356 25.964 -0.269563 -0.334405 0.171612 0.304167 0.433333 0.773606 1.01712 0.102041 52 0.169946 1
199.865 22.3258 0.673163 2.80215 136.622 25.6603 0.245809 0.213551 194.757 19.5136 -0.0503944 -0.0279348 0.105251 0.227208 0.722222 0.641169 1.07918 0.0833333 91.1667 0.0146466 1
210.476 39.0896 -0.0189961 1.98823 173.147 45.6527 0.157351 -0.0839046 138.291 36.9985 0.21632 0.214539 0.136098 0.332452 0.230323 0.849875 2.05207 0.0100425 48.8043 0.135522 1
190.865 51.6706 -0.0643565 1.91322 150.025 51.9586 0.0880749 0.0312612 149.442 43.4643 0.207416 0.221193 0.319421 0.471011 0.426575 0.864597 1.78306 0.0169881 48.6364 0.0954471 1
224.067 22.1674 0.106474 2.40544 161.7 29.8543 0.114825 0.11046 182.7 26.3769 -0.0339195 0.106338 0.650548 0.621212 0.545455 0.973143 1.34242 0.0454545 48.4545 0.0385494 1
205.599 39.8366 -0.15485 2.39788 164.745 43.1772 0.145524 -0.140652 147.184 34.1907 0.273718 0.204577 0.198594 0.363439 0.36773 0.79435 2.2192 0.00672542 39.4286 0.175726 1
212.34 14.7695 0.108597 2.1373 162.553 11.5202 0.00984014 -0.0595248 95.0213 4.81792 0.0349768 0.0287569 0.64357 0.7 0.5 0.9454 1.27093 0.055 58.6 0.182166 1
192.289 33.7149 0.419541 2.67924 140.832 35.7131 0.139142 0.20754 159.659 30.1332 0.0072175 0.215469 0.26261 0.408065 0.398983 0.804802 1.93908 0.0137925 66.7123 0.176929 1
162.667 48.9809 0.599813 2.21242 128.97 47.4932 0.0139679 0.0196971 129.697 30.1707 -0.0252606 0.0884694 0.262794 0.437029 0.435897 0.837636 0.30103 0.5 121 0.00819672 0
209.242 39.5446 -0.270346 2.59705 166.12 44.0409 0.240141 -0.347927 152.242 33.22 0.264474 0.0171298 0.223303 0.426154 0.263712 0.847655 2.17887 0.0075 48.3875 0.129776 1
208.856 42.1117 -0.301302 2.35573 160.994 44.9432 0.253033 -0.172656 148.975 32.8521 0.218671 0.0875936 0.185817 0.327499 0.566519 0.682394 1.70887 0.0227623 19.0556 0.20635 1
185.784 50.2766 -0.0254232 1.88994 147.451 47.8754 0.0701622 0.070911 135.961 37.0506 0.122604 0.33444 0.299039 0.419753 0.555556 0.821424 1.28769 0.053719 74.9091 0.0405675 1
213.391 36.818 0.0229346 1.83793 171.769 44.7861 0.0989221 -0.00672734 152.602 38.4328 0.174088 0.123017 0.133997 0.292689 0.3012 0.74873 2.1666 0.00775099 50.5524 0.157828 1
177.882 49.0116 0.00290835 2.07376 135.529 47.2018 0.148661 -0.0602204 184.735 37.6335 0.123974 0.0870805 0.244233 0.308672 0.668317 0.831641 1.42566 0.0382653 50.7143 0.150789 1
218.301 31.2181 -0.631391 2.82251 173.918 31.168 0.0930368 -0.156193 123.493 18.646 0.179901 0.268482 0.738231 0.664773 0.727273 0.964084 1.79044 0.0169753 53.1944 0.0695878 1
222.638 33.2637 -0.359505 2.77322 169.362 36.6971 0.0643655 -0.0133449 164.155 33.2948 0.430587 0.144239 0.191315 0.371976 0.322581 0.827074 1.39685 0.0422222 70.1333 0.105378 1
193.56 42.3547 -0.0827857 2.42235 145.283 42.4799 0.251323 0.171868 151.17 32.937 0.169264 0.203535 0.307361 0.426557 0.419007 0.859196 1.5906 0.0272 47.84 0.119272 1
155.65 35.1586 0.58524 3.01325 113.125 32.6398 0.0361096 0.137522 173.075 37.2991 -0.230717 0.128468 0.126193 0.324396 0.210762 0.829767 0.90309 0.125 53.25 0.18057 1
214.763 36.1712 -0.0817519 1.96303 176.062 44.4062 0.104261 -0.038223 149.891 34.8996 0.217539 0.206398 0.233136 0.416581 0.344154 0.814253 2.08136 0.00937231 40.9322 0.182391 1
204.564 28.2505 -0.658947 2.82991 172.872 26.9607 0.0610006 -0.146264 91.1795 15.9243 0.141186 0.00803511 0.387176 0.694444 0.25 0.954444 0.30103 0.5 121 0.00819672 1
180.354 52.3307 0.136705 1.7865 140.262 55.3168 0.0630479 0.00437209 164.169 48.8519 0.153734 0.132403 0.480468 0.640523 0.377778 0.925419 1.44716 0.0357143 64.6429 0.042142 1
206.862 32.8979 0.0551522 1.92302 160.904 31.4495 0.068517 0.0635686 118.473 25.2392 0.0455218 0.10284 0.665825 0.703431 0.705882 0.922629 2.07234 0.00961974 54.3298 0.114671 1
193.614 38.0148 0.398999 2.26457 145.608 41.8617 0.124562 0.216875 162.298 34.4702 -0.10685 0.26151 0.169027 0.393163 0.670702 0.655971 1.8476 0.0153592 61.1087 0.120334 1
195.541 42.5613 0.00209713 2.12226 137.176 45.2568 0.173399 0.00709359 191.617 41.1529 0.0300536 0.00722563 0.0994487 0.36763 0.632033 0.490558 2.38879 0.00429915 47.1046 0.174601 1
206.774 40.7723 -0.0595028 1.99506 150.251 47.3368 0.155084 -0.0521042 184.405 42.944 0.0982737 -0.018543 0.12898 0.401456 0.516378 0.597459 2.34336 0.0052035 44.2857 0.196 1
207.661 37.3789 -0.0680024 2.24898 146.908 40.6763 0.188651 -0.0153981 185.423 38.8255 0.104558 0.0456275 0.175203 0.403079 0.547012 0.649215 2.35238 0.0049195 35.0399 0.208652 1
208.429 38.0891 -0.0918351 2.1984 150.266 40.9254 0.197093 -0.0884927 179.36 36.5077 0.121666 0.0672873 0.182908 0.435054 0.360615 0.693914 2.33052 0.0051546 39.0381 0.197196 1
207.058 43.7478 -0.234121 2.10585 151.893 47.1537 0.148388 -0.118019 179.89 41.7006 0.20391 -0.0164377 0.142518 0.401942 0.428086 0.627112 2.35338 0.00480969 45.5132 0.1594 1
198.991 43.0787 -0.114204 2.26834 138.947 43.2173 0.21354 -0.0574718 184.345 38.8258 0.12742 -0.00117549 0.206404 0.421246 0.588887 0.698055 2.3587 0.00470853 46.6628 0.155652 1
201.928 44.4044 -0.187242 2.0781 145.891 46.9883 0.14977 -0.0823263 186.472 42.5864 0.121041 -0.00388294 0.148678 0.398103 0.484718 0.611887 2.3812 0.00440488 43.6954 0.173757 1
205.777 41.2031 -0.203975 2.32561 149.705 44.3645 0.207241 -0.0992064 183.486 40.5761 0.15984 -0.0414882 0.258382 0.43677 0.564619 0.739326 2.34558 0.00499841 34.5464 0.210649 1
205.648 43.1135 -0.216059 2.1721 147.628 45.4765 0.20412 -0.100515 184.912 39.9021 0.172282 0.00343719 0.170606 0.343517 0.493614 0.700825 2.34613 0.00494144 37.5206 0.180069 1
208.695 41.1346 -0.298143 2.48291 147.362 42.3785 0.256004 -0.141084 185.446 37.6814 0.225979 -0.0272265 0.172254 0.399881 0.551398 0.68142 2.31837 0.00547807 34.485 0.188225 1
206.686 42.9595 -0.250417 2.19079 151.469 45.5115 0.163698 -0.138964 181.068 41.4823 0.202456 -0.0536473 0.115309 0.31918 0.415707 0.60223 2.36455 0.00469888 45.6585 0.165376 1
197.192 44.0894 -0.11631 2.17625 141.523 45.6462 0.132806 -0.0327583 183.068 43.4815 0.132368 -0.0188997 0.248852 0.4312 0.430468 0.75361 2.35536 0.00482032 42.5257 0.20007 1
199.71 43.6474 -0.148277 2.11367 140.998 45.8819 0.162872 -0.0376914 190.923 43.2702 0.0502707 0.00866349 0.148185 0.384072 0.416657 0.621593 2.3632 0.00469497 44.0795 0.181394 1
204.474 42.0539 -0.169259 2.03942 145.934 45.2534 0.141281 -0.0843775 188.789 41.6782 0.11125 0.0275063 0.145645 0.368685 0.505218 0.62974 2.36379 0.00470626 44.5156 0.148453 1
202.609 44.3881 -0.132591 1.96967 146.349 48.2851 0.132954 -0.0477266 184.021 47.3473 0.0939662 -0.00464742 0.195136 0.44378 0.556482 0.667647 2.36225 0.00473523 47.951 0.167512 1
201.328 41.7249 -0.0961509 2.18842 143.626 44.9495 0.154723 -0.051742 184.137 43.4436 0.0934609 0.0220172 0.137324 0.383604 0.490249 0.636603 2.35301 0.00482266 43.3327 0.186517 1
202.046 43.2877 -0.149144 2.16692 144.882 45.7722 0.150836 -0.0496166 183.178 42.7893 0.127053 0.0440584 0.11817 0.348467 0.489158 0.600959 2.34763 0.00491467 42.3752 0.181105 1
203.103 42.5855 -0.123253 2.15415 146.898 46.5463 0.169573 -0.0443013 181.463 43.0694 0.102613 0.0739064 0.176039 0.392116 0.485554 0.701416 2.28655 0.00597046 36.9214 0.192691 1
198.344 43.9285 -0.0839289 2.05032 140.857 46.1555 0.124157 -0.018395 180.481 44.1597 0.133666 0.0483149 0.131861 0.333186 0.529145 0.632443 2.30728 0.00550353 42.2787 0.173399 1
192.583 46.5641 -0.100693 2.13528 137.079 48.0799 0.151715 -0.041253 184.087 45.2589 0.0841543 -0.0133823 0.172265 0.354294 0.457231 0.700723 2.31712 0.00536545 55.9697 0.133149 1
192.948 46.0808 -0.0579436 1.96414 138.258 47.3225 0.103783 0.00273491 182.727 45.2221 0.104818 0.0234777 0.18514 0.382219 0.519373 0.678111 2.3261 0.00535356 52.8668 0.161253 1
170.038 32.5495 -0.406699 2.82918 102.736 27.9617 -0.00539344 -0.0710351 221.321 34.3889 -0.532336 0.150682 0.568205 0.626984 0.642857 0.936275 1.69285 0.0207101 37.6154 0.118649 1
201.747 44.9603 -0.223972 2.0541 149.321 47.5019 0.124158 -0.0647343 183.405 44.3951 0.151196 -0.0366002 0.0951708 0.332406 0.442656 0.57515 2.33944 0.00511609 47.371 0.16571 1
190.509 36.365 0.0985311 2.78134 125.17 37.4957 0.17058 0.0429541 195.094 35.769 -0.226777 0.316768 0.283941 0.511439 0.728507 0.731946 1.98806 0.0112161 36.2338 0.224257 1
204.064 44.8663 -0.206529 2.03715 152.142 48.7383 0.13204 -0.0827634 180.649 46.4767 0.159467 -0.0507901 0.0675551 0.246777 0.459398 0.544343 2.33982 0.00502127 41.6873 0.168588 1
185.362 45.202 0.00931161 1.81975 128.705 45.4912 0.0755407 -0.0203415 187.733 44.9671 0.0179388 -0.0313188 0.250069 0.456786 0.41844 0.778706 1.64068 0.0242347 63.8929 0.13308 1
193.435 36.0814 -0.07151 2.47128 128.435 34.5061 -0.0607094 0.127988 185.941 34.2895 0.38663 0.238362 0.443962 0.614286 0.466667 0.876361 1.6432 0.0240055 40.037 0.0612744 1
187.955 40.8635 -0.328497 2.36992 124.051 36.1643 0.0319565 -0.0405961 181.407 45.2725 0.0291704 0.00690074 0.317566 0.531481 0.833333 0.739861 1.9871 0.0114691 56.1818 0.0974658 1
199.9 45.7231 -0.173643 1.97725 145.905 49.6651 0.136264 -0.0934989 185.818 48.5098 0.111558 -0.098627 0.134682 0.315688 0.389363 0.597224 2.33569 0.00506769 43.4894 0.163395 1
203.695 38.9242 0.0704869 2.1866 137.661 39.589 -0.018049 0.104674 178.059 40.279 0.287487 0.204536 0.179171 0.477794 0.377483 0.667364 1.71875 0.0214844 43.1042 0.074344 1
194.495 47.4837 -0.448876 2.60169 140.903 45.2135 0.246725 -0.212208 186.366 38.68 0.155459 -0.183386 0.138384 0.404509 0.180371 0.825549 1.5268 0.03125 45.25 0.144739 1
207.067 47.0588 -0.201918 1.80213 154.747 50.9471 0.113339 -0.0297466 182.773 43.6897 0.227849 0.034741 0.0899125 0.363636 0.909091 0.464998 2.03979 0.0101731 56.6782 0.106988 1
208.667 39.7591 -0.418423 2.33207 144.615 37.8347 0.0491596 0.0329863 183.573 32.0341 0.273927 0.135914 0.245058 0.375428 0.398551 0.845841 1.81549 0.016225 36.5116 0.126914 1
